6.2831853e-02 18 1.6596168e-01 7.2999649e-11
1.8849556e-01 62 2.8071850e-01 1.4613304e-10
3.1415927e-01 98 3.9569098e-01 2.0483549e-10
4.3982297e-01 210 5.1344892e-01 3.0266679e-10
5.6548668e-01 350 6.4380459e-01 4.3877885e-10
6.9115038e-01 450 7.7120840e-01 6.0839653e-10
8.1681409e-01 602 8.9107664e-01 7.4800766e-10
9.4247780e-01 762 1.0102627e+00 9.2864433e-10
1.0681415e+00 1142 1.1405206e+00 1.1158687e-09
1.1938052e+00 1250 1.2698027e+00 1.3242129e-09
1.3194689e+00 1458 1.3912986e+00 1.5327745e-09
1.4451326e+00 1982 1.5187871e+00 1.7597680e-09
1.5827643e+00 2682 1.6644595e+00 2.0269967e-09
1.7335038e+00 3344 1.8219825e+00 2.3402430e-09
1.8985994e+00 4538 1.9923524e+00 2.6834082e-09
2.0794183e+00 5936 2.1824756e+00 3.0858758e-09
2.2774582e+00 7910 2.3913750e+00 3.5398697e-09
2.4943590e+00 10208 2.6192160e+00 4.0474048e-09
2.7319170e+00 13616 2.8693004e+00 4.6395180e-09
2.9920995e+00 17650 3.1424746e+00 5.2961675e-09
3.2770614e+00 23252 3.4405083e+00 6.0366686e-09
3.5891625e+00 30682 3.7684410e+00 6.8769327e-09
3.9309875e+00 40370 4.1281999e+00 7.8038594e-09
4.3053672e+00 52570 4.5205631e+00 8.8407860e-09
4.7154022e+00 69652 4.9508536e+00 9.9937778e-09
5.1644881e+00 91528 5.4235889e+00 1.1263488e-08
5.6563441e+00 120156 5.9410345e+00 1.2648004e-08
6.1950436e+00 156960 6.5056673e+00 1.4149650e-08
6.7850477e+00 206952 7.1239663e+00 1.5766076e-08
7.4312427e+00 271686 7.8018855e+00 1.7472742e-08
8.1389801e+00 356856 8.5440453e+00 1.9252836e-08
8.9141211e+00 469874 9.3577556e+00 2.1076493e-08
9.7630850e+00 615232 1.0247906e+01 2.2875641e-08
1.0692903e+01 811148 1.1223109e+01 2.4591955e-08
1.1711274e+01 1062586 1.2290845e+01 2.6125363e-08
1.2826634e+01 1398138 1.3459399e+01 2.7364528e-08
1.4048218e+01 1836870 1.4739595e+01 2.8183389e-08
1.5386143e+01 2413760 1.6141155e+01 2.8434561e-08
1.6851490e+01 3169100 1.7674785e+01 2.7976826e-08
1.8456394e+01 4164220 1.9352882e+01 2.6698125e-08
2.0214146e+01 5469372 2.1189061e+01 2.4541613e-08
2.2139303e+01 7187504 2.3197970e+01 2.1551777e-08
2.4247808e+01 9444622 2.5395655e+01 1.7905457e-08
2.6557123e+01 12406072 2.7799255e+01 1.3916803e-08
2.9086373e+01 16300292 3.0427839e+01 1.0011215e-08
3.1856504e+01 21409084 3.3304432e+01 6.6246939e-09
3.4890456e+01 28136334 3.6459461e+01 4.0689533e-09
3.8213357e+01 36957262 3.9935623e+01 2.4276292e-09
4.1852724e+01 48560202 4.3785868e+01 1.5591345e-09
4.5838698e+01 63797158 4.8039037e+01 1.2160718e-09
5.0204288e+01 83815328 5.2673634e+01 1.1603810e-09
5.4985649e+01 110114976 5.7681618e+01 1.1796793e-09
6.0222378e+01 144670890 6.3111772e+01 1.1027354e-09
6.5957842e+01 190055792 6.9049529e+01 8.9418046e-10
7.2239541e+01 249705142 7.5592802e+01 6.5489554e-10
7.9119498e+01 328057888 8.2830588e+01 4.7769866e-10
8.6654688e+01 430989904 9.0708034e+01 3.5399770e-10
9.4907515e+01 566234656 9.9325390e+01 2.6286683e-10
1.0394633e+02 743929580 1.0871603e+02 1.8437865e-10
1.1384598e+02 977338478 1.1893784e+02 1.1559072e-10
